Exchange immediately after ISO keyword sequence for BABS0096:

[1713915641.332] 54 00 29 00 02 04 11 01 55 54 83 01 15 c2 0d 01 f6 32 35 33 30 30 32 31 36 32 30 03 0d 03 f6 37 33 35 36 35 33 37 36 32 31 03 
[1713915641.332] 50 00 06 00 00 08 09 
[1713915641.352] 54 00 07 00 00 08 09 10 
[1713915641.412] 50 00 0b 00 02 04 13 00 03 04 00 03 
[1713915641.413] Warning: protocol for ECU ID 0096 is not known
[1713915641.433] 54 00 0b 00 02 04 13 00 03 04 00 03 
[1713915641.546] 50 00 06 00 00 08 09 
[1713915641.566] 54 00 07 00 00 08 09 10 

WSDC32 never gets past "Reading ECU information, please wait...", suggesting that it is waiting for a better reply to the cmd 13 ECU msg payload (at 641.412, above).


and SALZ0084:
[1713916448.774] 54 00 0d 00 02 04 11 01 55 d6 83 01 15 c4
[1713916448.775] 50 00 06 00 00 08 09
[1713916448.794] 54 00 07 00 00 08 09 10
[1713916448.814] 50 00 0c 00 02 04 13 00 04 51 00 00 55
[1713916448.815] Warning: protocol for ECU ID 0084 is not known
[1713916448.834] 54 00 0c 00 02 04 13 00 04 51 00 00 55
[1713916448.977] 50 00 06 00 00 08 09
[1713916448.997] 54 00 07 00 00 08 09 10


and PCAP0095:
[1713916594.012] 54 00 0d 00 02 04 11 01 55 d0 83 01 94 3d
[1713916594.013] 50 00 06 00 00 08 09
[1713916594.032] 54 00 07 00 00 08 09 10
[1713916594.093] 50 00 0c 00 02 04 13 11 81 00 00 00 81
[1713916594.094] Warning: protocol for ECU ID 0095 is not known
[1713916594.113] 54 00 0c 00 02 04 13 11 81 00 00 00 81
[1713916594.331] 50 00 06 00 00 08 09
[1713916594.351] 54 00 07 00 00 08 09 10

